600519 贵州茅台 1800.5 0.13 40.2 食品 1850000 1780.25 1785 1792.75 1795.6 1800 1802.1 1805.3 1798.2 1800.5 1803.8 
000858 五粮液 160.25 -0.47 30.5 食品 25600000 156.5 157.8 158.9 159.5 160 160.5 159.8 160.25 161 160.5 
600887 伊利股份 32.1 -0.16 22.3 食品 68700000 31.6 31.7 31.8 31.9 32 32.05 32.08 32.1 32.12 32.15 
002304 洋河股份 105.8 0.42 25.6 食品 35600000 104.5 104.8 105 105.2 105.5 105.6 105.7 105.8 105.9 106 
000568 泸州老窖 185.6 0.65 28.4 食品 24500000 184.5 185 185.2 185.4 185.5 185.55 185.58 185.6 185.65 185.7 
600597 光明乳业 11.25 0.27 24.8 食品 45600000 11.18 11.2 11.22 11.23 11.24 11.25 11.26 11.25 11.24 11.23 
603288 海天味业 85.4 -0.35 45.6 食品 12300000 85.55 85.5 85.45 85.42 85.4 85.38 85.39 85.4 85.42 85.45 
000001 平安银行 15.6 0 0 金融 158200000 15.25 15.4 15.5 15.55 15.6 15.58 15.62 15.55 15.6 15.65 
600036 招商银行 36.45 -0.14 9.2 金融 89200000 35.9 36 36.1 36.2 36.3 36.35 36.4 36.45 36.5 36.42 
300059 东方财富 19.88 -0.6 35.1 金融 120500000 19.3 19.4 19.5 19.6 19.7 19.8 19.85 19.88 19.9 20 
601166 兴业银行 16.85 0.12 4.8 金融 75600000 16.75 16.78 16.8 16.82 16.84 16.85 16.86 16.85 16.84 16.83 
600030 中信证券 21.4 0.47 15.6 金融 125000000 21.25 21.3 21.35 21.38 21.4 21.42 21.41 21.4 21.39 21.38 
601318 中国平安 45.6 0.22 9.5 保险 98600000 45.1 45.2 45.3 45.4 45.5 45.55 45.58 45.6 45.62 45.65 
601601 中国太保 24.8 -0.2 8.9 保险 45600000 24.82 24.8 24.78 24.79 24.8 24.81 24.82 24.8 24.79 24.78 
300750 宁德时代 420.8 0.05 60.3 新能源 34500000 412 415.3 418.5 419 421.5 422 419.8 420 420.8 423.5 
002594 比亚迪 245.6 1.25 42.5 新能源 45600000 241 242.5 243.8 244.5 245 245.5 245.2 245.6 246 246.5 
300014 亿纬锂能 85.6 0.82 38.4 新能源 23400000 84.8 85 85.2 85.4 85.5 85.55 85.58 85.6 85.65 85.7 
601012 隆基绿能 25.4 -0.39 12.5 新能源 56700000 25.48 25.46 25.44 25.42 25.4 25.38 25.39 25.4 25.42 25.45 
002812 恩捷股份 68.9 1.03 26.8 新能源 18700000 68.2 68.4 68.6 68.7 68.8 68.85 68.88 68.9 68.95 69 
000333 美的集团 68.9 0 18.7 家电 45300000 67.8 68 68.2 68.5 68.7 68.9 68.8 68.85 68.9 69.1 
000651 格力电器 38.9 0.51 10.5 家电 42300000 38.6 38.7 38.75 38.8 38.85 38.9 38.88 38.9 38.92 38.95 
002032 苏泊尔 52.4 -0.19 20.6 家电 12300000 52.48 52.46 52.44 52.42 52.4 52.38 52.39 52.4 52.42 52.45 
600690 海尔智家 24.85 0.4 13.8 家电 34500000 24.75 24.78 24.8 24.82 24.84 24.85 24.86 24.85 24.84 24.83 
002050 三花智控 28.6 0.88 32.5 家电 18700000 28.4 28.45 28.5 28.55 28.58 28.6 28.62 28.6 28.58 28.56 
002415 海康威视 38.75 -0.13 25.4 科技 62300000 38 38.2 38.3 38.4 38.5 38.6 38.7 38.75 38.8 38.85 
002475 立讯精密 42.3 -0.12 33.5 科技 78400000 41.2 41.5 41.8 42 42.1 42.2 42.25 42.3 42.35 42.4 
000725 京东方A 4.25 0.71 18.3 科技 256000000 4.21 4.22 4.23 4.24 4.25 4.26 4.24 4.25 4.26 4.27 
300124 汇川技术 65.3 -0.31 48.2 工业 28700000 64.8 65 65.2 65.3 65.4 65.5 65.2 65.3 65.4 65.5 
002230 科大讯飞 45.8 1.1 68.9 科技 34500000 45.4 45.5 45.6 45.7 45.75 45.78 45.8 45.82 45.8 45.78 
000066 中国长城 12.4 0.32 34.5 科技 56700000 12.32 12.34 12.36 12.38 12.39 12.4 12.41 12.4 12.39 12.38 
600276 恒瑞医药 44.8 -0.44 55.2 医药 78300000 44.6 44.7 44.75 44.8 44.85 44.9 44.85 44.8 44.82 44.85 
300142 沃森生物 45.6 2.01 78.3 医药 32500000 44.7 44.9 45 45.2 45.4 45.5 45.55 45.6 45.65 45.7 
000538 云南白药 52.8 -0.19 22.4 医药 23400000 52.85 52.82 52.8 52.78 52.79 52.8 52.81 52.8 52.79 52.78 
600196 复星医药 28.4 0.35 18.9 医药 34500000 28.25 28.3 28.35 28.38 28.4 28.42 28.41 28.4 28.39 28.38 
002422 科伦药业 32.6 0.62 15.8 医药 18700000 32.4 32.45 32.5 32.55 32.58 32.6 32.62 32.6 32.58 32.56 
000002 万科A 9.85 0.1 7.8 房地产 125000000 9.72 9.75 9.78 9.8 9.82 9.85 9.83 9.84 9.85 9.86 
000656 金科股份 2.85 -1.38 -5.2 房地产 456000000 2.88 2.87 2.86 2.85 2.84 2.83 2.84 2.85 2.86 2.87 
600048 保利发展 10.25 0.49 8.2 房地产 98700000 10.18 10.2 10.22 10.23 10.24 10.25 10.26 10.25 10.24 10.23 
001979 招商蛇口 9.6 0.21 6.8 房地产 65400000 9.56 9.57 9.58 9.59 9.6 9.61 9.62 9.6 9.59 9.58 
600900 长江电力 24.35 -0.2 17.8 电力 65400000 24.32 24.33 24.34 24.35 24.36 24.37 24.35 24.34 24.35 24.36 
600011 华能国际 8.45 0.36 -12.5 电力 234000000 8.42 8.43 8.44 8.45 8.46 8.47 8.46 8.45 8.44 8.43 
600795 国电电力 4.85 0.21 9.6 电力 345000000 4.83 4.84 4.845 4.85 4.855 4.86 4.855 4.85 4.845 4.84 
601991 大唐发电 3.25 0.31 -8.9 电力 456000000 3.24 3.245 3.25 3.255 3.26 3.265 3.26 3.255 3.25 3.245 
AAPL 苹果 175.25 0.85 28.5 科技 78500000 173 173.8 174.2 174.8 175 175.2 175.1 175.25 175.3 175.4 
MSFT 微软 330.4 1.12 32.8 科技 45200000 326.8 328 329.2 329.8 330 330.2 330.3 330.4 330.5 330.6 
GOOGL 谷歌 135.8 0.62 24.3 科技 32100000 134.8 135 135.2 135.4 135.6 135.7 135.75 135.8 135.85 135.9 
NVDA 英伟达 485.75 2.15 42.8 科技 42300000 478.5 480.2 482.5 483.8 484.5 485 485.2 485.75 486 486.5 
INTC 英特尔 45.6 -0.44 -3.5 科技 45600000 45.75 45.7 45.65 45.62 45.6 45.58 45.59 45.6 45.62 45.65 
CSCO 思科 48.9 0.41 14.8 科技 23400000 48.75 48.78 48.8 48.82 48.85 48.88 48.89 48.9 48.92 48.95 
IBM IBM 165.4 0.3 13.5 科技 12300000 165 165.2 165.3 165.35 165.38 165.4 165.42 165.4 165.38 165.35 
ORCL 甲骨文 115.6 0.52 18.9 科技 18700000 115 115.2 115.4 115.5 115.55 115.58 115.6 115.62 115.6 115.58 
AMZN 亚马逊 145.6 1.35 58.9 电商 29800000 144 144.5 144.8 145 145.2 145.4 145.5 145.6 145.7 145.8 
WMT 沃尔玛 165.4 0.48 24.5 零售 15600000 164.7 164.9 165 165.2 165.3 165.35 165.38 165.4 165.42 165.45 
TGT 塔吉特 142.8 0.35 16.8 零售 9800000 142.4 142.5 142.6 142.7 142.75 142.78 142.8 142.82 142.8 142.78 
COST 好市多 685.4 0.82 38.5 零售 4500000 682 683.5 684.2 684.8 685 685.2 685.3 685.4 685.5 685.6 
EBAY eBay 42.6 -0.23 11.4 电商 12300000 42.68 42.66 42.64 42.62 42.6 42.58 42.59 42.6 42.62 42.65 
TSLA 特斯拉 185.3 -0.42 65.4 新能源 56700000 185.8 185.6 185.4 185.3 185.2 185.1 185.2 185.3 185.4 185.5 
NIO 蔚来 8.25 1.23 -8.5 新能源 45600000 8.18 8.2 8.22 8.23 8.24 8.25 8.26 8.25 8.24 8.23 
LI 理想汽车 32.4 2.21 -12.8 新能源 23400000 31.9 32 32.2 32.3 32.35 32.38 32.4 32.42 32.4 32.38 
RIVN Rivian 16.8 -1.18 -15.2 新能源 34500000 16.95 16.9 16.85 16.82 16.8 16.78 16.79 16.8 16.82 16.85 
JPM 摩根大通 155.8 -0.25 11.2 金融 19800000 155.9 155.8 155.7 155.8 155.85 155.9 155.85 155.8 155.75 155.7 
BAC 美国银行 32.4 0.31 9.8 金融 45600000 32.32 32.34 32.36 32.38 32.39 32.4 32.41 32.4 32.39 32.38 
C 花旗集团 52.6 0.57 7.5 金融 23400000 52.4 52.45 52.5 52.55 52.58 52.6 52.62 52.6 52.58 52.56 
GS 高盛 385.4 0.85 11.9 金融 9800000 383 384 384.8 385 385.2 385.3 385.35 385.4 385.5 385.6 
BRK.A 伯克希尔 523450 0.25 22.5 金融 15000 522500 523000 523200 523400 523450 523500 523480 523450 523420 523400 
V 维萨 250.8 0.56 30.2 金融支付 12500000 249.5 250 250.2 250.4 250.6 250.7 250.75 250.8 250.85 250.9 
MA 万事达 400.3 0.72 34.8 金融支付 8900000 398 398.8 399.5 400 400.2 400.3 400.25 400.3 400.35 400.4 
AXP 美国运通 185.6 0.43 18.9 金融支付 5600000 185 185.2 185.4 185.5 185.55 185.58 185.6 185.62 185.6 185.58 
JNJ 强生 152.3 0.33 15.8 医药 12300000 151.9 152 152.1 152.2 152.25 152.3 152.28 152.3 152.32 152.35 
PFE 辉瑞 28.4 -0.35 8.2 医药 45600000 28.48 28.46 28.44 28.42 28.4 28.38 28.39 28.4 28.42 28.45 
MRK 默克 115.6 0.52 15.4 医药 23400000 115.2 115.3 115.4 115.5 115.55 115.58 115.6 115.62 115.6 115.58 
ABBV 艾伯维 145.8 0.41 14.8 医药 18700000 145.4 145.5 145.6 145.7 145.75 145.78 145.8 145.82 145.8 145.78 
LLY 礼来 585.4 1.25 52.8 医药 9800000 580 582 583.5 584.2 584.8 585 585.2 585.4 585.6 585.8 
PG 宝洁 155.6 0.19 24.3 日化 7650000 155.3 155.4 155.5 155.55 155.6 155.65 155.62 155.6 155.58 155.55 
KO 可口可乐 60.8 0.16 26.5 食品 12400000 60.65 60.7 60.75 60.78 60.8 60.82 60.81 60.8 60.79 60.78 
PEP 百事可乐 168.4 0.3 25.6 食品 8900000 168 168.2 168.3 168.35 168.38 168.4 168.42 168.4 168.38 168.35 
MCD 麦当劳 285.6 0.42 24.8 餐饮 5600000 284.8 285 285.2 285.4 285.5 285.55 285.58 285.6 285.65 285.7 
SBUX 星巴克 98.4 0.61 28.5 餐饮 7800000 98 98.2 98.3 98.35 98.38 98.4 98.42 98.4 98.38 98.35 
META Facebook 325.4 0.95 23.6 互联网 28700000 323 323.8 324.2 324.8 325 325.2 325.3 325.4 325.5 325.6 
NFLX 奈飞 485.6 1.25 35.8 互联网 15600000 482.5 484 484.8 485 485.2 485.4 485.5 485.6 485.8 486 
GOOG 谷歌-C 136.2 0.59 24.5 互联网 23400000 135.6 135.8 136 136.1 136.15 136.18 136.2 136.22 136.2 136.18 
BIDU 百度 115.4 0.78 15.6 互联网 18700000 114.8 115 115.2 115.3 115.35 115.38 115.4 115.42 115.4 115.38 
00700 腾讯控股 320.5 0.78 18.9 互联网 45600000 318.5 319 319.5 320 320.2 320.4 320.45 320.5 320.6 320.8 
09988 阿里巴巴 78.6 -0.38 12.5 互联网 56700000 78.85 78.8 78.7 78.65 78.62 78.6 78.61 78.6 78.59 78.58 
03690 美团 125.4 1.25 -8.9 互联网 34500000 124.2 124.6 124.9 125 125.2 125.3 125.35 125.4 125.5 125.6 
09618 京东 125.8 0.56 15.8 互联网 23400000 125.2 125.4 125.6 125.7 125.75 125.78 125.8 125.82 125.8 125.78 
09888 百度-SW 115.6 0.7 15.9 互联网 18700000 115 115.2 115.4 115.5 115.55 115.58 115.6 115.62 115.6 115.58 
00941 中国移动 68.9 -0.14 9.8 电信 23400000 68.85 68.9 68.92 68.95 68.98 69 68.95 68.9 68.88 68.85 
01299 友邦保险 78.6 0.51 16.5 保险 12300000 78.2 78.3 78.4 78.5 78.55 78.6 78.58 78.6 78.62 78.65 
02318 中国平安(港) 52.4 0.38 8.9 保险 98700000 52.1 52.2 52.3 52.35 52.4 52.45 52.42 52.4 52.38 52.35 
03988 中国银行 3.25 0.31 4.5 金融 456000000 3.24 3.245 3.25 3.255 3.26 3.265 3.26 3.255 3.25 3.245 
01398 工商银行 4.42 0.23 4.2 金融 567000000 4.41 4.415 4.42 4.425 4.43 4.435 4.43 4.425 4.42 4.415 
00939 建设银行 5.85 0.17 4.6 金融 456000000 5.84 5.845 5.85 5.855 5.86 5.865 5.86 5.855 5.85 5.845 
02601 中国太保(港) 18.4 0.27 7.8 保险 34500000 18.35 18.38 18.4 18.42 18.44 18.46 18.45 18.4 18.38 18.35 
02020 安踏体育 85.6 0.94 25.8 服装 23400000 85 85.2 85.4 85.5 85.55 85.58 85.6 85.62 85.6 85.58 
02331 李宁 22.4 -0.44 18.9 服装 45600000 22.48 22.46 22.44 22.42 22.4 22.38 22.39 22.4 22.42 22.45 
00322 康师傅 12.85 0.39 18.6 食品 56700000 12.82 12.83 12.84 12.845 12.85 12.855 12.86 12.85 12.845 12.84 
00291 华润啤酒 45.6 0.66 32.5 食品 23400000 45.4 45.45 45.5 45.55 45.58 45.6 45.62 45.6 45.58 45.56 
00168 青岛啤酒 68.4 0.59 28.4 食品 18700000 68.2 68.3 68.35 68.38 68.4 68.42 68.44 68.4 68.38 68.35 
01109 华润置地 32.6 0.31 5.8 房地产 45600000 32.55 32.58 32.6 32.62 32.64 32.66 32.65 32.6 32.58 32.55 
00813 世茂集团 1.25 -2.34 -6.5 房地产 567000000 1.27 1.26 1.255 1.25 1.245 1.24 1.245 1.25 1.255 1.26 
02007 碧桂园 0.85 -1.16 -8.2 房地产 789000000 0.855 0.85 0.845 0.84 0.845 0.85 0.855 0.85 0.845 0.84 
00688 中国海外发展 16.8 0.6 4.2 房地产 34500000 16.75 16.78 16.8 16.82 16.84 16.86 16.85 16.8 16.78 16.75 
00981 中芯国际 18.4 1.1 15.6 科技 45600000 18.25 18.3 18.35 18.38 18.4 18.42 18.44 18.4 18.38 18.35 
00763 中兴通讯 25.6 0.39 12.8 科技 23400000 25.55 25.58 25.6 25.62 25.64 25.66 25.65 25.6 25.58 25.55 
00941 联想集团 8.85 0.57 9.8 科技 56700000 8.82 8.83 8.84 8.845 8.85 8.855 8.86 8.85 8.845 8.84 
600909 华安证券 5.85 0.69 18.5 金融 125000000 5.78 5.8 5.82 5.83 5.84 5.85 5.86 5.85 5.84 5.83 
601198 东兴证券 9.45 0.53 17.8 金融 89000000 9.38 9.4 9.42 9.43 9.44 9.45 9.46 9.45 9.44 9.43 
002939 长城证券 9.25 0.43 19.2 金融 75600000 9.18 9.2 9.22 9.23 9.24 9.25 9.26 9.25 9.24 9.23 
601162 天风证券 3.68 0.27 23.5 金融 234000000 3.65 3.66 3.67 3.675 3.68 3.685 3.69 3.68 3.675 3.67 
000686 东北证券 7.42 0.41 21.6 金融 123000000 7.38 7.39 7.4 7.41 7.415 7.42 7.425 7.42 7.415 7.41 
600999 招商证券 14.85 0.54 16.8 金融 56700000 14.75 14.78 14.8 14.82 14.84 14.85 14.86 14.85 14.84 14.83 
600816 安信信托 2.85 1.06 35.8 金融 456000000 2.82 2.83 2.84 2.845 2.85 2.855 2.86 2.85 2.845 2.84 
601099 太平洋 3.65 0.55 28.5 金融 345000000 3.62 3.63 3.64 3.645 3.65 3.655 3.66 3.65 3.645 3.64 
000728 国元证券 7.25 0.42 20.5 金融 156000000 7.2 7.21 7.22 7.23 7.24 7.25 7.26 7.25 7.24 7.23 
600864 哈投股份 5.68 0.53 18.9 金融 234000000 5.64 5.65 5.66 5.67 5.675 5.68 5.685 5.68 5.675 5.67 
600872 中炬高新 32.8 0.61 28.5 食品 45600000 32.5 32.6 32.7 32.75 32.78 32.8 32.82 32.8 32.78 32.76 
000895 双汇发展 25.6 0.39 18.6 食品 125000000 25.4 25.45 25.5 25.55 25.58 25.6 25.62 25.6 25.58 25.56 
603517 绝味食品 38.9 0.78 32.5 食品 45600000 38.6 38.7 38.75 38.8 38.85 38.9 38.92 38.9 38.88 38.86 
603345 安井食品 125.6 1.05 42.5 食品 23400000 124.5 125 125.2 125.4 125.5 125.55 125.58 125.6 125.65 125.7 
002847 盐津铺子 58.8 1.25 38.6 食品 15600000 58.2 58.4 58.6 58.7 58.75 58.8 58.85 58.8 58.78 58.76 
002820 桂发祥 9.85 0.51 25.8 食品 34500000 9.78 9.8 9.82 9.83 9.84 9.85 9.86 9.85 9.84 9.83 
603027 千禾味业 18.45 0.6 35.8 食品 45600000 18.3 18.35 18.4 18.42 18.44 18.45 18.46 18.45 18.44 18.43 
603886 元祖股份 18.85 0.48 22.5 食品 23400000 18.75 18.78 18.8 18.82 18.84 18.85 18.86 18.85 18.84 18.83 
002216 三全食品 14.25 0.35 28.6 食品 56700000 14.15 14.18 14.2 14.22 14.24 14.25 14.26 14.25 14.24 14.23 
000929 兰州黄河 7.85 0.4 45.8 食品 234000000 7.78 7.8 7.82 7.83 7.84 7.85 7.86 7.85 7.84 7.83 
300661 圣邦股份 125.6 1.85 68.5 科技 45600000 123.5 124 124.5 125 125.2 125.4 125.5 125.6 125.7 125.8 
002371 北方华创 285.6 2.15 78.5 科技 12300000 280 282 283.5 284.5 285 285.2 285.4 285.6 285.8 286 
300782 卓胜微 108.5 1.75 48.5 科技 15600000 106.8 107.5 108 108.2 108.3 108.4 108.45 108.5 108.6 108.7 
688981 中芯国际 52.4 0.96 48.6 科技 45600000 51.9 52 52.1 52.2 52.3 52.35 52.4 52.45 52.4 52.38 
300223 北京君正 68.9 1.85 58.9 科技 23400000 67.8 68 68.3 68.5 68.6 68.7 68.75 68.8 68.9 69 
300327 中颖电子 32.8 1.25 42.5 科技 45600000 32.4 32.5 32.6 32.7 32.75 32.8 32.82 32.8 32.78 32.76 
603501 韦尔股份 95.6 1.85 38.6 科技 56700000 94 94.5 95 95.2 95.4 95.5 95.55 95.6 95.65 95.7 
600584 长电科技 28.6 1.25 25.8 科技 125000000 28.2 28.3 28.4 28.5 28.55 28.6 28.62 28.6 28.58 28.56 
002049 紫光国微 85.8 1.48 52.5 科技 18700000 84.6 85 85.3 85.5 85.6 85.7 85.75 85.8 85.85 85.9 
600703 三安光电 16.85 0.96 35.8 科技 234000000 16.68 16.72 16.75 16.78 16.82 16.85 16.86 16.85 16.84 16.83 
601633 长城汽车 28.9 1.05 25.8 新能源 125000000 28.5 28.6 28.7 28.8 28.85 28.9 28.92 28.9 28.88 28.86 
002074 国轩高科 22.4 1.08 38.6 新能源 56700000 22.1 22.2 22.3 22.35 22.38 22.4 22.42 22.4 22.38 22.36 
300073 当升科技 48.9 1.45 22.5 新能源 45600000 48.2 48.4 48.6 48.7 48.8 48.85 48.88 48.9 48.95 49 
600884 杉杉股份 15.8 0.83 18.9 新能源 234000000 15.68 15.72 15.75 15.78 15.79 15.8 15.81 15.8 15.79 15.78 
002340 格林美 6.85 0.59 25.8 新能源 456000000 6.78 6.8 6.82 6.83 6.84 6.85 6.86 6.85 6.84 6.83 
300035 中科电气 9.85 1.13 32.5 新能源 156000000 9.72 9.75 9.78 9.8 9.82 9.85 9.86 9.85 9.84 9.83 
002460 赣锋锂业 42.8 1.18 12.5 新能源 125000000 42.3 42.4 42.5 42.6 42.7 42.75 42.78 42.8 42.82 42.85 
603799 华友钴业 32.6 1.08 15.8 新能源 56700000 32.2 32.3 32.4 32.5 32.55 32.6 32.62 32.6 32.58 32.56 
600390 五矿资本 5.68 0.35 8.9 新能源 234000000 5.65 5.66 5.67 5.675 5.68 5.685 5.69 5.68 5.675 5.67 
000762 西藏矿业 32.8 2.05 25.8 新能源 156000000 32.2 32.4 32.5 32.6 32.7 32.75 32.78 32.8 32.82 32.85 
601336 新华保险 32.8 0.52 8.8 保险 123000000 32.5 32.6 32.7 32.75 32.78 32.8 32.82 32.8 32.78 32.76 
601628 中国人寿 29.8 0.47 10.5 保险 156000000 29.6 29.65 29.7 29.75 29.78 29.8 29.82 29.8 29.78 29.76 
601319 中国人保 5.25 0.19 9.8 保险 456000000 5.23 5.235 5.24 5.245 5.25 5.255 5.26 5.25 5.245 5.24 
000627 天茂集团 3.28 0.31 15.8 保险 345000000 3.25 3.26 3.27 3.275 3.28 3.285 3.29 3.28 3.275 3.27 
600291 西水股份 2.85 0.35 28.5 保险 567000000 2.82 2.83 2.84 2.845 2.85 2.855 2.86 2.85 2.845 2.84 
600705 中航产融 3.68 0.27 12.5 保险 234000000 3.65 3.66 3.67 3.675 3.68 3.685 3.69 3.68 3.675 3.67 
000563 陕国投A 3.25 0.31 18.9 保险 345000000 3.22 3.23 3.24 3.245 3.25 3.255 3.26 3.25 3.245 3.24 
000540 中天金融 1.85 0.27 35.8 保险 456000000 1.83 1.84 1.845 1.85 1.855 1.86 1.855 1.85 1.845 1.84 
600643 爱建集团 5.68 0.35 22.5 保险 156000000 5.65 5.66 5.67 5.675 5.68 5.685 5.69 5.68 5.675 5.67 
600830 香溢融通 5.25 0.38 25.8 保险 234000000 5.22 5.23 5.24 5.245 5.25 5.255 5.26 5.25 5.245 5.24 
000521 长虹美菱 4.85 0.62 25.8 家电 345000000 4.8 4.82 4.83 4.84 4.845 4.85 4.855 4.85 4.845 4.84 
000100 TCL科技 4.25 0.95 18.6 家电 456000000 4.21 4.22 4.23 4.24 4.245 4.25 4.255 4.25 4.245 4.24 
000016 深康佳A 5.68 0.71 32.5 家电 234000000 5.64 5.65 5.66 5.67 5.675 5.68 5.685 5.68 5.675 5.67 
002035 华帝股份 6.25 0.48 15.8 家电 156000000 6.2 6.21 6.22 6.23 6.24 6.25 6.26 6.25 6.24 6.23 
002242 九阳股份 15.8 0.57 22.5 家电 56700000 15.68 15.72 15.75 15.78 15.79 15.8 15.81 15.8 15.79 15.78 
002508 老板电器 25.6 0.59 18.9 家电 34500000 25.4 25.45 25.5 25.55 25.58 25.6 25.62 25.6 25.58 25.56 
000418 小天鹅A 48.9 0.82 25.8 家电 12300000 48.5 48.6 48.7 48.75 48.8 48.85 48.88 48.9 48.95 49 
600060 海信视像 17.8 0.68 15.8 家电 125000000 17.68 17.72 17.75 17.78 17.79 17.8 17.81 17.8 17.79 17.78 
002032 九牧王 8.95 0.34 22.5 家电 23400000 8.9 8.92 8.93 8.94 8.945 8.95 8.955 8.95 8.945 8.94 
002677 浙江美大 11.8 0.68 18.9 家电 15600000 11.7 11.72 11.74 11.76 11.78 11.8 11.82 11.8 11.78 11.76 
600085 同仁堂 52.8 0.57 25.8 医药 125000000 52.5 52.6 52.7 52.75 52.78 52.8 52.82 52.8 52.78 52.76 
600267 海正药业 10.45 0.48 32.5 医药 234000000 10.38 10.4 10.42 10.43 10.44 10.45 10.46 10.45 10.44 10.43 
600566 济川药业 28.6 0.42 15.8 医药 156000000 28.4 28.45 28.5 28.55 28.58 28.6 28.62 28.6 28.58 28.56 
600329 中新药业 25.8 0.62 22.5 医药 123000000 25.6 25.65 25.7 25.75 25.78 25.8 25.82 25.8 25.78 25.76 
600750 江中药业 15.8 0.44 18.9 医药 234000000 15.68 15.72 15.75 15.78 15.79 15.8 15.81 15.8 15.79 15.78 
000423 东阿阿胶 48.9 0.62 35.8 医药 15600000 48.5 48.6 48.7 48.75 48.8 48.85 48.88 48.9 48.95 49 
600422 昆药集团 15.6 0.45 25.8 医药 234000000 15.48 15.52 15.55 15.58 15.59 15.6 15.61 15.6 15.59 15.58 
600535 天士力 12.8 0.39 28.5 医药 345000000 12.68 12.72 12.75 12.78 12.79 12.8 12.81 12.8 12.79 12.78 
600380 健康元 11.8 0.43 22.5 医药 234000000 11.68 11.72 11.75 11.78 11.79 11.8 11.81 11.8 11.79 11.78 
600518 康美药业 2.85 0.35 35.8 医药 456000000 2.82 2.83 2.84 2.845 2.85 2.855 2.86 2.85 2.845 2.84 
000031 大悦城 4.25 0.47 12.5 房地产 345000000 4.2 4.21 4.22 4.23 4.24 4.25 4.26 4.25 4.24 4.23 
000402 金融街 5.68 0.35 8.9 房地产 456000000 5.65 5.66 5.67 5.675 5.68 5.685 5.69 5.68 5.675 5.67 
000069 华侨城A 4.85 0.41 15.8 房地产 567000000 4.8 4.82 4.83 4.84 4.845 4.85 4.855 4.85 4.845 4.84 
000014 沙河股份 10.25 0.68 22.5 房地产 156000000 10.15 10.18 10.2 10.22 10.24 10.25 10.26 10.25 10.24 10.23 
000029 深深房A 7.85 0.51 18.9 房地产 234000000 7.78 7.8 7.82 7.83 7.84 7.85 7.86 7.85 7.84 7.83 
000036 华联控股 4.25 0.47 15.8 房地产 345000000 4.2 4.21 4.22 4.23 4.24 4.25 4.26 4.25 4.24 4.23 
000040 东旭蓝天 2.85 0.35 28.5 房地产 456000000 2.82 2.83 2.84 2.845 2.85 2.855 2.86 2.85 2.845 2.84 
000046 泛海控股 1.25 0.4 35.8 房地产 567000000 1.23 1.24 1.245 1.25 1.255 1.26 1.255 1.25 1.245 1.24 
000056 皇庭国际 2.45 0.41 45.8 房地产 456000000 2.42 2.43 2.44 2.445 2.45 2.455 2.46 2.45 2.445 2.44 
000090 天健集团 5.25 0.48 12.5 房地产 234000000 5.2 5.21 5.22 5.23 5.24 5.25 5.26 5.25 5.24 5.23 
000090 天健集团 5.25 0.48 12.5 房地产 234000000 5.25 5.25 5.25 5.25 5.25 5.25 5.25 5.25 5.25 5.25 
